accuracy: [0.73757738 0.7288117  0.73472854 0.73308497 0.73615296 0.72930477
 0.7288117  0.73472854 0.73308497 0.73615296]
diff: [0.06033117 0.04829102 0.05681463 0.0878375  0.06002932 0.04925765
 0.04829102 0.05681463 0.0878375  0.06002932]
accuracy_mean: 0.7332438503259737
diff_mean: 0.061553376460736595