accuracy: [0.76154062 0.76068627 0.76187675 0.76492997 0.76492997 0.76492997
 0.76492997 0.76492997 0.76492997 0.76492997]
diff: [0.08458371 0.07155697 0.07219542 0.07435608 0.07435608 0.07435608
 0.07435608 0.07435608 0.07435608 0.07435608]
accuracy_mean: 0.7638613445378152
diff_mean: 0.07488286641933985