accuracy: [0.6681026  0.65400431 0.64225573 0.65752888 0.67906795 0.66908165
 0.66908165 0.66066184 0.66751518 0.6579205 ]
diff: [0.12223677 0.10244687 0.14882073 0.21712395 0.17641638 0.17785375
 0.16360354 0.17291087 0.13487852 0.0978708 ]
accuracy_mean: 0.6625220285882123
diff_mean: 0.15141621730310312