accuracy: [0.65400431 0.64734678 0.66105346 0.66261993 0.64754259 0.66418641
 0.66947327 0.66164089 0.65282945 0.64754259]
diff: [0.15446011 0.15155432 0.17268001 0.21813585 0.16828283 0.17643824
 0.17432414 0.20378198 0.14227651 0.16828283]
accuracy_mean: 0.656823967103975
diff_mean: 0.17302168104128707